¹1
17400.73, 17400.74, 17400.75, 17400.79, 17400.80, 17400.78
¹2
17401.73, 17401.84, 17401.78, 17402.64, 17402.65, 17402.18
¹3
17403.83,17403.85, 17403.92, 17403.93, 17404.73, 17405.83, 17405.90, 17406.95, 17406.75
¹4
17407.78, 17407.79, 17409.75, 17408.96, 17408.91,17409.94, 17409.81, 17410.89,17410.82
¹5
17411.73, 17411.88. 17412.80,17412.77,17413.38,17413.82
¹6 
 17414.78, 17414.73,17414.80,17415.74,17415.79
¹7
17416.73,17417.78,17418.80,17419.67
¹8
17420.73,17420.18,17421.80ê,17422.81ê,17422.79ê
¹9
17423.73,17423.74,17424.75,17425.67,17425.38
¹10
17426.73,17426.74,17426.79,17427.78,17427.67,17426.18
¹11
17428.73,17428.87ê,17429.78,17429.67ê,17430.82,17430.86,17431.80
¹12
17432.73ê,17432.81ê,17432.78ê,17432.79ê,17432.82ê,17433.14,17433.43
¹13
17434.73,17434.74,17434.75,17434.81,17434.83,17435.67,17435.88
¹14
17436.73,17437.78,17438.81


¹15
17439.73,17439.65,17440.82,17440.86,17441.83,17441.87
¹16
17442.73,17443.74,17444.79,17445.38ê,17445.67ê,17445.64ê
¹17
17446.73,17447.74,17447.82,17448.65,17449.67
¹18
17450.73.17450.18,17451.80,17451.43,17452.79
¹19
17453.7ê,17453.43ê,17453.67ê,17454.73,17455.80,17456.74
¹20
17457.73,17457.78,17457.82,17457.79
¹21
17458.73ê,17458.77ê,17458.78ê,17458.82ê,17458.74ê
¹22
17459.73,17459.78,17459.80
¹23
17460.73,17460.80,17461.82,17462.78
¹24
17463.73,17463.64,17464.75,17464.38,17465.83
¹25
17466.73,17466.18,17467.82,17467.78,17468.79,17468.14
¹26
17469.73,17469.79,17469.64,17470.74,17470.78,17471.38
¹27
17472.73,174373.79,17474.80,17475.78,17475.18,17476.43
¹28
17477.73,17477.76,17478.78,17478.82,17479.18,17479.38

¹29
17480.78,17480.73,17480.79,17480.74,17480.80
¹30
17481.73ê,17481.78ê,17481.14,17481.64ê,17482.79,17482.80
¹31
17483.78,17483.79,17483.81,17483.73,17483.85
¹32
17484.73,17484.82ê,17485.78ê
¹33
17486.73,17487.74,17487.75
¹34
17489.73,17488.78,17489.81,17488.83,17489.64,17488.18
¹35
17490.79,17490.80,17491.81,17490.74,17491.67,17490.88,17491.77
¹36
17492.73,17493.74,17492.83,17492.77,17493.88,17492.43
¹37
17494.73,17495.75,17494.77,17495.14,17496.88
¹38
17497.73,17498.77,17498.82,17499.78,17497.14
¹39
17500.73,17501.82,17500.79,17502.38,17501.88
¹40
17503.73,17503.74,17504.82,17505.78,17506.18
¹41
17507.73ê,17508.82ê,17509.79ê,17510.81ê,17511.88ê
¹42
17524.73

¹43
17512.81,17512.78,17512.74,17512.82,17512.18,17513,67,17513.73
¹44
17514.73,17514.82ê,17514.79ê,17514.78
¹45
17519.73,17519.74,17519.76,17519.88,17519.67
¹46
17515.93,17515.73,17516.75,17516.92,17517.90,17517.83,17518.85,17518.95
¹47
17520.84,17521.89,17521.94,17522.91,17522.78,17522.82,17523.77,17523.96
