17400.73, 17400.74, 17400.75, 17400.79, 17400.80, 17400.78
17401.73, 17401.84, 17401.78, 17402.64, 17402.65, 17402.18
17403.83, 17403.85, 17403.92, 17403.93, 17404.73, 17405.83, 17405.90, 17406.95, 17406.75
17407.78, 17407.79, 17409.75, 17408.96, 17408.91, 17409.94, 17409.81, 17410.89, 17410.82
17411.73, 17411.88, 17412.80, 17412.77, 17413.38, 17413.82
17414.78, 17414.73, 17414.80, 17415.74, 17415.79
17416.73, 17417.78, 17418.80, 17419.67
17420.73, 17420.18, 17421.80к, 17422.81к, 17422.79к
17423.73, 17423.74, 17424.75, 17425.67, 17425.38
17426.73, 17426.74, 17426.79, 17427.78, 17427.67, 17426.18
17428.73, 17428.87к, 17429.78, 17429.67к, 17430.82, 17430.86, 17431.80
17432.73к, 17432.81к, 17432.78к, 17432.79к, 17432.82к, 17433.14, 17433.43
17434.73, 17434.74, 17434.75, 17434.81, 17434.83, 17435.67, 17435.88
17436.73, 17437.78, 17438.81
17439.73, 17439.65, 17440.82, 17440.86, 17441.83, 17441.87
17442.73, 17443.74, 17444.79, 17445.38к, 17445.67к, 17445.64к
17446.73, 17447.74, 17447.82, 17448.65, 17449.67
17450.73, 17450.18, 17451.80, 17451.43, 17452.79
17453.7к, 17453.43к, 17453.67к, 17454.73, 17455.80, 17456.74
17457.73, 17457.78, 17457.82, 17457.79
17458.73к, 17458.77к, 17458.78к, 17458.82к, 17458.74к
17459.73, 17459.78, 17459.80
17460.73, 17460.80, 17461.82, 17462.78
17463.73, 17463.64, 17464.75, 17464.38, 17465.83
17466.73, 17466.18, 17467.82, 17467.78, 17468.79, 17468.14
17469.73, 17469.79, 17469.64, 17470.74, 17470.78, 17471.38
17472.73, 174373.79, 17474.80, 17475.78, 17475.18, 17476.43
17477.73, 17477.76, 17478.78, 17478.82, 17479.18, 17479.38
17480.78, 17480.73, 17480.79, 17480.74, 17480.80
17481.73к, 17481.78к, 17481.14, 17481.64к, 17482.79, 17482.80
17483.78, 17483.79, 17483.81, 17483.73, 17483.85
17484.73, 17484.82к, 17485.78к
17486.73, 17487.74, 17487.75
17489.73, 17488.78, 17489.81, 17488.83, 17489.64, 17488.18
17490.79, 17490.80, 17491.81, 17490.74, 17491.67, 17490.88, 17491.77
17492.73, 17493.74, 17492.83, 17492.77, 17493.88, 17492.43
17494.73, 17495.75, 17494.77, 17495.14, 17496.88
17497.73, 17498.77, 17498.82, 17499.78, 17497.14
17500.73, 17501.82, 17500.79, 17502.38, 17501.88
17503.73, 17503.74, 17504.82, 17505.78, 17506.18
17507.73к, 17508.82к, 17509.79к, 17510.81к, 17511.88к
17524.73
17512.81, 17512.78, 17512.74, 17512.82, 17512.18, 17513.67, 17513.73
17514.73, 17514.82к, 17514.79к, 17514.78
17519.73, 17519.74, 17519.76, 17519.88, 17519.67
17515.93, 17515.73, 17516.75, 17516.92, 17517.90, 17517.83, 17518.85, 17518.95
17520.84, 17521.89, 17521.94, 17522.91, 17522.78, 17522.82, 17523.77, 17523.96