17400.73	17400.74	17400.75	17400.79	17400.80	17400.78
17400.74	17400.73	17400.75	17400.79	17400.80	17400.78
17400.75	17400.73	17400.74	17400.79	17400.80	17400.78
17400.79	17400.73	17400.74	17400.75	17400.80	17400.78
17400.80	17400.73	17400.74	17400.75	17400.79	17400.78
17400.78	17400.73	17400.74	17400.75	17400.79	17400.80
17401.73	17401.84	17401.78	17402.64	17402.65	17402.18
17401.84	17401.73	17401.78	17402.64	17402.65	17402.18
17401.78	17401.73	17401.84	17402.64	17402.65	17402.18
17402.64	17401.73	17401.84	17401.78	17402.65	17402.18
17402.65	17401.73	17401.84	17401.78	17402.64	17402.18
17402.18	17401.73	17401.84	17401.78	17402.64	17402.65
17403.83	17403.85	17403.92	17403.93	17404.73	17405.83	17405.90	17406.95	17406.75
17403.85	17403.83	17403.92	17403.93	17404.73	17405.83	17405.90	17406.95	17406.75
17403.92	17403.83	17403.85	17403.93	17404.73	17405.83	17405.90	17406.95	17406.75
17403.93	17403.83	17403.85	17403.92	17404.73	17405.83	17405.90	17406.95	17406.75
17404.73	17403.83	17403.85	17403.92	17403.93	17405.83	17405.90	17406.95	17406.75
17405.83	17403.83	17403.85	17403.92	17403.93	17404.73	17405.90	17406.95	17406.75
17405.90	17403.83	17403.85	17403.92	17403.93	17404.73	17405.83	17406.95	17406.75
17406.95	17403.83	17403.85	17403.92	17403.93	17404.73	17405.83	17405.90	17406.75
17406.75	17403.83	17403.85	17403.92	17403.93	17404.73	17405.83	17405.90	17406.95
17407.78	17407.79	17409.75	17408.96	17408.91	17409.94	17409.81	17410.89	17410.82
17407.79	17407.78	17409.75	17408.96	17408.91	17409.94	17409.81	17410.89	17410.82
17409.75	17407.78	17407.79	17408.96	17408.91	17409.94	17409.81	17410.89	17410.82
17408.96	17407.78	17407.79	17409.75	17408.91	17409.94	17409.81	17410.89	17410.82
17408.91	17407.78	17407.79	17409.75	17408.96	17409.94	17409.81	17410.89	17410.82
17409.94	17407.78	17407.79	17409.75	17408.96	17408.91	17409.81	17410.89	17410.82
17409.81	17407.78	17407.79	17409.75	17408.96	17408.91	17409.94	17410.89	17410.82
17410.89	17407.78	17407.79	17409.75	17408.96	17408.91	17409.94	17409.81	17410.82
17410.82	17407.78	17407.79	17409.75	17408.96	17408.91	17409.94	17409.81	17410.89
17411.73	17411.88	17412.80	17412.77	17413.38	17413.82
17411.88	17411.73	17412.80	17412.77	17413.38	17413.82
17412.80	17411.73	17411.88	17412.77	17413.38	17413.82
17412.77	17411.73	17411.88	17412.80	17413.38	17413.82
17413.38	17411.73	17411.88	17412.80	17412.77	17413.82
17413.82	17411.73	17411.88	17412.80	17412.77	17413.38
17414.78	17414.73	17414.80	17415.74	17415.79
17414.73	17414.78	17414.80	17415.74	17415.79
17414.80	17414.78	17414.73	17415.74	17415.79
17415.74	17414.78	17414.73	17414.80	17415.79
17415.79	17414.78	17414.73	17414.80	17415.74
17416.73	17417.78	17418.80	17419.67
17417.78	17416.73	17418.80	17419.67
17418.80	17416.73	17417.78	17419.67
17419.67	17416.73	17417.78	17418.80
17420.73	17420.18	17421.80к	17422.81к	17422.79к
17420.18	17420.73	17421.80к	17422.81к	17422.79к
17421.80к	17420.73	17420.18	17422.81к	17422.79к
17422.81к	17420.73	17420.18	17421.80к	17422.79к
17422.79к	17420.73	17420.18	17421.80к	17422.81к
17423.73	17423.74	17424.75	17425.67	17425.38
17423.74	17423.73	17424.75	17425.67	17425.38
17424.75	17423.73	17423.74	17425.67	17425.38
17425.67	17423.73	17423.74	17424.75	17425.38
17425.38	17423.73	17423.74	17424.75	17425.67
17426.73	17426.74	17426.79	17427.78	17427.67	17426.18
17426.74	17426.73	17426.79	17427.78	17427.67	17426.18
17426.79	17426.73	17426.74	17427.78	17427.67	17426.18
17427.78	17426.73	17426.74	17426.79	17427.67	17426.18
17427.67	17426.73	17426.74	17426.79	17427.78	17426.18
17426.18	17426.73	17426.74	17426.79	17427.78	17427.67
17428.73	17428.87к	17429.78	17429.67к	17430.82	17430.86	17431.80
17428.87к	17428.73	17429.78	17429.67к	17430.82	17430.86	17431.80
17429.78	17428.73	17428.87к	17429.67к	17430.82	17430.86	17431.80
17429.67к	17428.73	17428.87к	17429.78	17430.82	17430.86	17431.80
17430.82	17428.73	17428.87к	17429.78	17429.67к	17430.86	17431.80
17430.86	17428.73	17428.87к	17429.78	17429.67к	17430.82	17431.80
17431.80	17428.73	17428.87к	17429.78	17429.67к	17430.82	17430.86
17432.73к	17432.81к	17432.78к	17432.79к	17432.82к	17433.14	17433.43
17432.81к	17432.73к	17432.78к	17432.79к	17432.82к	17433.14	17433.43
17432.78к	17432.73к	17432.81к	17432.79к	17432.82к	17433.14	17433.43
17432.79к	17432.73к	17432.81к	17432.78к	17432.82к	17433.14	17433.43
17432.82к	17432.73к	17432.81к	17432.78к	17432.79к	17433.14	17433.43
17433.14	17432.73к	17432.81к	17432.78к	17432.79к	17432.82к	17433.43
17433.43	17432.73к	17432.81к	17432.78к	17432.79к	17432.82к	17433.14
17434.73	17434.74	17434.75	17434.81	17434.83	17435.67	17435.88
17434.74	17434.73	17434.75	17434.81	17434.83	17435.67	17435.88
17434.75	17434.73	17434.74	17434.81	17434.83	17435.67	17435.88
17434.81	17434.73	17434.74	17434.75	17434.83	17435.67	17435.88
17434.83	17434.73	17434.74	17434.75	17434.81	17435.67	17435.88
17435.67	17434.73	17434.74	17434.75	17434.81	17434.83	17435.88
17435.88	17434.73	17434.74	17434.75	17434.81	17434.83	17435.67
17436.73	17437.78	17438.81
17437.78	17436.73	17438.81
17438.81	17436.73	17437.78
17439.73	17439.65	17440.82	17440.86	17441.83	17441.87
17439.65	17439.73	17440.82	17440.86	17441.83	17441.87
17440.82	17439.73	17439.65	17440.86	17441.83	17441.87
17440.86	17439.73	17439.65	17440.82	17441.83	17441.87
17441.83	17439.73	17439.65	17440.82	17440.86	17441.87
17441.87	17439.73	17439.65	17440.82	17440.86	17441.83
17442.73	17443.74	17444.79	17445.38к	17445.67к	17445.64к
17443.74	17442.73	17444.79	17445.38к	17445.67к	17445.64к
17444.79	17442.73	17443.74	17445.38к	17445.67к	17445.64к
17445.38к	17442.73	17443.74	17444.79	17445.67к	17445.64к
17445.67к	17442.73	17443.74	17444.79	17445.38к	17445.64к
17445.64к	17442.73	17443.74	17444.79	17445.38к	17445.67к
17446.73	17447.74	17447.82	17448.65	17449.67
17447.74	17446.73	17447.82	17448.65	17449.67
17447.82	17446.73	17447.74	17448.65	17449.67
17448.65	17446.73	17447.74	17447.82	17449.67
17449.67	17446.73	17447.74	17447.82	17448.65
17450.73	17450.18	17451.80	17451.43	17452.79
17450.18	17450.73	17451.80	17451.43	17452.79
17451.80	17450.73	17450.18	17451.43	17452.79
17451.43	17450.73	17450.18	17451.80	17452.79
17452.79	17450.73	17450.18	17451.80	17451.43
17453.7к	17453.43к	17453.67к	17454.73	17455.80	17456.74
17453.43к	17453.7к	17453.67к	17454.73	17455.80	17456.74
17453.67к	17453.7к	17453.43к	17454.73	17455.80	17456.74
17454.73	17453.7к	17453.43к	17453.67к	17455.80	17456.74
17455.80	17453.7к	17453.43к	17453.67к	17454.73	17456.74
17456.74	17453.7к	17453.43к	17453.67к	17454.73	17455.80
17457.73	17457.78	17457.82	17457.79
17457.78	17457.73	17457.82	17457.79
17457.82	17457.73	17457.78	17457.79
17457.79	17457.73	17457.78	17457.82
17458.73к	17458.77к	17458.78к	17458.82к	17458.74к
17458.77к	17458.73к	17458.78к	17458.82к	17458.74к
17458.78к	17458.73к	17458.77к	17458.82к	17458.74к
17458.82к	17458.73к	17458.77к	17458.78к	17458.74к
17458.74к	17458.73к	17458.77к	17458.78к	17458.82к
17459.73	17459.78	17459.80
17459.78	17459.73	17459.80
17459.80	17459.73	17459.78
17460.73	17460.80	17461.82	17462.78
17460.80	17460.73	17461.82	17462.78
17461.82	17460.73	17460.80	17462.78
17462.78	17460.73	17460.80	17461.82
17463.73	17463.64	17464.75	17464.38	17465.83
17463.64	17463.73	17464.75	17464.38	17465.83
17464.75	17463.73	17463.64	17464.38	17465.83
17464.38	17463.73	17463.64	17464.75	17465.83
17465.83	17463.73	17463.64	17464.75	17464.38
17466.73	17466.18	17467.82	17467.78	17468.79	17468.14
17466.18	17466.73	17467.82	17467.78	17468.79	17468.14
17467.82	17466.73	17466.18	17467.78	17468.79	17468.14
17467.78	17466.73	17466.18	17467.82	17468.79	17468.14
17468.79	17466.73	17466.18	17467.82	17467.78	17468.14
17468.14	17466.73	17466.18	17467.82	17467.78	17468.79
17469.73	17469.79	17469.64	17470.74	17470.78	17471.38
17469.79	17469.73	17469.64	17470.74	17470.78	17471.38
17469.64	17469.73	17469.79	17470.74	17470.78	17471.38
17470.74	17469.73	17469.79	17469.64	17470.78	17471.38
17470.78	17469.73	17469.79	17469.64	17470.74	17471.38